# Lambda(nm) R(%)
3.000000000000000000e+02 4.369457801091002347e-01
3.015037593984962427e+02 4.377644115665917934e-01
3.030075187969924855e+02 4.385863439403310804e-01
3.045112781954887282e+02 4.393576198879904360e-01
3.060150375939849710e+02 4.400358462326786069e-01
3.075187969924812137e+02 4.405882207904802672e-01
3.090225563909774564e+02 4.409814993897690494e-01
3.105263157894736992e+02 4.411784808802622915e-01
3.120300751879699419e+02 4.411493580552102722e-01
3.135338345864661846e+02 4.408685494615900424e-01
3.150375939849624274e+02 4.402959511307437679e-01
3.165413533834586701e+02 4.394233379827258146e-01
3.180451127819549129e+02 4.381995738520574890e-01
3.195488721804510988e+02 4.365416492595759479e-01
3.210526315789473983e+02 4.354677881621545898e-01
3.225563909774435842e+02 4.350633747063990531e-01
3.240601503759398270e+02 4.354023424867486947e-01
3.255639097744360697e+02 4.365745859931318695e-01
3.270676691729323124e+02 4.386751080341404485e-01
3.285714285714285552e+02 4.418073628882708270e-01
3.300751879699247979e+02 4.460893188715905344e-01
3.315789473684210407e+02 4.516352015695144217e-01
3.330827067669172834e+02 4.585253837510988029e-01
3.345864661654135261e+02 4.669108258752776019e-01
3.360902255639097689e+02 4.768879053777933530e-01
3.375939849624060116e+02 4.885541940260139104e-01
3.390977443609022544e+02 5.020076245293751960e-01
3.406015037593984971e+02 5.173763990088883213e-01
3.421052631578947398e+02 5.346990704019275453e-01
3.436090225563909826e+02 5.540753339250941156e-01
3.451127819548872253e+02 5.670420311495839583e-01
3.466165413533834680e+02 5.765300055817668134e-01
3.481203007518797108e+02 5.851469329698673061e-01
3.496240601503759535e+02 5.929813536402931406e-01
3.511278195488721963e+02 6.000271448313714284e-01
3.526315789473684390e+02 6.063153575699943287e-01
3.541353383458646817e+02 6.118680739904739374e-01
3.556390977443609245e+02 6.166060640206388888e-01
3.571428571428571672e+02 6.204552280680875054e-01
3.586466165413534100e+02 6.232574746760464190e-01
3.601503759398495959e+02 6.248457460057590396e-01
3.616541353383458954e+02 6.249274729958809171e-01
3.631578947368420813e+02 6.235455136177032731e-01
3.646616541353383809e+02 6.205846578344764719e-01
3.661654135338345668e+02 6.158162362119002919e-01
3.676691729323308095e+02 6.096882736822176740e-01
3.691729323308270523e+02 6.023935698265504568e-01
3.706766917293232950e+02 5.937786530626434356e-01
3.721804511278195378e+02 5.840326107045579196e-01
3.736842105263157805e+02 5.734114485275236817e-01
3.751879699248120232e+02 5.623556046428606070e-01
3.766917293233082660e+02 5.506949111935625085e-01
3.781954887218045087e+02 5.383680951463017950e-01
3.796992481203007515e+02 5.259043273429069298e-01
3.812030075187969942e+02 5.130997602239202315e-01
3.827067669172932369e+02 4.998831582810195351e-01
3.842105263157894797e+02 4.862312932429249668e-01
3.857142857142857224e+02 4.722030507647138609e-01
3.872180451127819651e+02 4.578224294119785931e-01
3.887218045112782079e+02 4.460417736169146607e-01
3.902255639097744506e+02 4.374840950965005471e-01
3.917293233082706934e+02 4.291220501707932455e-01
3.932330827067669361e+02 4.206558717086988919e-01
3.947368421052631788e+02 4.120950186805719118e-01
3.962406015037594216e+02 4.035973073052141480e-01
3.977443609022556075e+02 3.950886349657027341e-01
3.992481203007519071e+02 3.867133187064795141e-01
4.007518796992480929e+02 3.777987044641560321e-01
4.022556390977443925e+02 3.684985923320768242e-01
4.037593984962405784e+02 3.594688982120141096e-01
4.052631578947368212e+02 3.505973096170655889e-01
4.067669172932330639e+02 3.420350932609214634e-01
4.082706766917293066e+02 3.334995670382324695e-01
4.097744360902255494e+02 3.248795277157194850e-01
4.112781954887217921e+02 3.163293566246797583e-01
4.127819548872180349e+02 3.078515813014037206e-01
4.142857142857142776e+02 2.996362359990397128e-01
4.157894736842105203e+02 2.915968025715097722e-01
4.172932330827067631e+02 2.837219323079940292e-01
4.187969924812030058e+02 2.759320685852849064e-01
4.203007518796992485e+02 2.682012801043727745e-01
4.218045112781954913e+02 2.611026389265994063e-01
4.233082706766917340e+02 2.540730989438577114e-01
4.248120300751879768e+02 2.472006029902679147e-01
4.263157894736842195e+02 2.406625510962138170e-01
4.278195488721804622e+02 2.342350957565792757e-01
4.293233082706767050e+02 2.278654428851401292e-01
4.308270676691729477e+02 2.215905019151867827e-01
4.323308270676691336e+02 2.154152870133970443e-01
4.338345864661654332e+02 2.094231613521657653e-01
4.353383458646616191e+02 2.037198015481397895e-01
4.368421052631579187e+02 1.980212518469244565e-01
4.383458646616541046e+02 1.920579098470839852e-01
4.398496240601504041e+02 1.862238030485313389e-01
4.413533834586465900e+02 1.813114448260116363e-01
4.428571428571428896e+02 1.765565853998928569e-01
4.443609022556390755e+02 1.716967759732938303e-01
4.458646616541353751e+02 1.669201714681443072e-01
4.473684210526315610e+02 1.626496110539040196e-01
4.488721804511278606e+02 1.585232346615729482e-01
4.503759398496240465e+02 1.541036667505300273e-01
4.518796992481202892e+02 1.496918577486977819e-01
4.533834586466165320e+02 1.456117227260998737e-01
4.548872180451127747e+02 1.417815973777007410e-01
4.563909774436090174e+02 1.380466464274690275e-01
4.578947368421052602e+02 1.344129146645592354e-01
4.593984962406015029e+02 1.308760536949443720e-01
4.609022556390977456e+02 1.276865864824501817e-01
4.624060150375939884e+02 1.247527486740375863e-01
4.639097744360902311e+02 1.219375558593681214e-01
4.654135338345864739e+02 1.192164038355340572e-01
4.669172932330827166e+02 1.163384989719723622e-01
4.684210526315789593e+02 1.133744028428951695e-01
4.699248120300752021e+02 1.105728932663892633e-01
4.714285714285714448e+02 1.080749900559839355e-01
4.729323308270676307e+02 1.056678627647562180e-01
4.744360902255639303e+02 1.028441802786790593e-01
4.759398496240601162e+02 1.000268422281973268e-01
4.774436090225564158e+02 9.751895468731576477e-02
4.789473684210526017e+02 9.545394900614982692e-02
4.804511278195489012e+02 9.342839292816322583e-02
4.819548872180450871e+02 9.133469008938971401e-02
4.834586466165413867e+02 8.928090856368431361e-02
4.849624060150375726e+02 8.733591326113085418e-02
4.864661654135338722e+02 8.549876996950739327e-02
4.879699248120300581e+02 8.373972121343421782e-02
4.894736842105263577e+02 8.205789603273873356e-02
4.909774436090225436e+02 8.045147953033569832e-02
4.924812030075187863e+02 7.890875567696264969e-02
4.939849624060150290e+02 7.740839753958821123e-02
4.954887218045112718e+02 7.598261682698614905e-02
4.969924812030075145e+02 7.461540049376401418e-02
4.984962406015037573e+02 7.331785419785731561e-02
5.000000000000000000e+02 7.207569989628997975e-02
5.015037593984962427e+02 7.110579218213790298e-02
5.030075187969924855e+02 7.019543615254339453e-02
5.045112781954887282e+02 6.936339926485821095e-02
5.060150375939849710e+02 6.861700570602453919e-02
5.075187969924812137e+02 6.791980886275866824e-02
5.090225563909774564e+02 6.721206013577163407e-02
5.105263157894736423e+02 6.652839741676197516e-02
5.120300751879699419e+02 6.590871646392905403e-02
5.135338345864661278e+02 6.533427010423628611e-02
5.150375939849624274e+02 6.480527709100612765e-02
5.165413533834586133e+02 6.431455888024832646e-02
5.180451127819549129e+02 6.385902779746166491e-02
5.195488721804510988e+02 6.344457746132069198e-02
5.210526315789473983e+02 6.314194475949372332e-02
5.225563909774435842e+02 6.289167558049177376e-02
5.240601503759398838e+02 6.267883713265812173e-02
5.255639097744360697e+02 6.250163588086200817e-02
5.270676691729323693e+02 6.237096322854462915e-02
5.285714285714285552e+02 6.228049375632115775e-02
5.300751879699248548e+02 6.222473350638078882e-02
5.315789473684210407e+02 6.216727151610630664e-02
5.330827067669172266e+02 6.213680349782987888e-02
5.345864661654135261e+02 6.212157263433037979e-02
5.360902255639098257e+02 6.209715426741518884e-02
5.375939849624060116e+02 6.209025518023897350e-02
5.390977443609021975e+02 6.211363192368012792e-02
5.406015037593984971e+02 6.221020396859053975e-02
5.421052631578947967e+02 6.233573451995617909e-02
5.436090225563909826e+02 6.248519578133755054e-02
5.451127819548871685e+02 6.263335663079766524e-02
5.466165413533834680e+02 6.280022725904367553e-02
5.481203007518797676e+02 6.299364002262525242e-02
5.496240601503759535e+02 6.326249594457390713e-02
5.511278195488721394e+02 6.359073349486313309e-02
5.526315789473684390e+02 6.395212820160220413e-02
5.541353383458646249e+02 6.425958791849764595e-02
5.556390977443609245e+02 6.447971471543470501e-02
5.571428571428571104e+02 6.471577661853912533e-02
5.586466165413534100e+02 6.499238799136758393e-02
5.601503759398495959e+02 6.536346818095295497e-02
5.616541353383458954e+02 6.579127189380098994e-02
5.631578947368420813e+02 6.623520629264914583e-02
5.646616541353382672e+02 6.665086928572271086e-02
5.661654135338345668e+02 6.705014675543236047e-02
5.676691729323308664e+02 6.746426818391505764e-02
5.691729323308270523e+02 6.790142244861160914e-02
5.706766917293232382e+02 6.838492798972695130e-02
5.721804511278195378e+02 6.888420693279459495e-02
5.736842105263158373e+02 6.939860072325414186e-02
5.751879699248120232e+02 6.992584778268583212e-02
5.766917293233082091e+02 7.046064713390384759e-02
5.781954887218045087e+02 7.101009632243533709e-02
5.796992481203008083e+02 7.155132814857666224e-02
5.812030075187969942e+02 7.203528706635191348e-02
5.827067669172931801e+02 7.252690506044003060e-02
5.842105263157894797e+02 7.302563641938089600e-02
5.857142857142857792e+02 7.355862953746243604e-02
5.872180451127819651e+02 7.411457508532634519e-02
5.887218045112781510e+02 7.467930012925992622e-02
5.902255639097744506e+02 7.525624093737050269e-02
5.917293233082707502e+02 7.586201088727262398e-02
5.932330827067669361e+02 7.649032298768619620e-02
5.947368421052631220e+02 7.712336212660027279e-02
5.962406015037594216e+02 7.776320402701615564e-02
5.977443609022557212e+02 7.840274762984385248e-02
5.992481203007519071e+02 7.904167242792640991e-02
6.007518796992480929e+02 7.970263035692136400e-02
6.022556390977442788e+02 8.036904991342055937e-02
6.037593984962405784e+02 8.101109929578376168e-02
6.052631578947368780e+02 8.165644278281433688e-02
6.067669172932330639e+02 8.230778237331513869e-02
6.082706766917292498e+02 8.296673704312898523e-02
6.097744360902255494e+02 8.365095435141688129e-02
6.112781954887218490e+02 8.433019510891853754e-02
6.127819548872180349e+02 8.502189853967703770e-02
6.142857142857142208e+02 8.571499230672714742e-02
6.157894736842105203e+02 8.641401873663691335e-02
6.172932330827068199e+02 8.711985259394658399e-02
6.187969924812030058e+02 8.783037069330955349e-02
6.203007518796991917e+02 8.853645903875892453e-02
6.218045112781954913e+02 8.922621290363885738e-02
6.233082706766917909e+02 8.991876067113999116e-02
6.248120300751879768e+02 9.061133690334007007e-02
6.263157894736841627e+02 9.131301353540503818e-02
6.278195488721804622e+02 9.204015428433406920e-02
6.293233082706767618e+02 9.277698796874454812e-02
6.308270676691729477e+02 9.351278866623707886e-02
6.323308270676691336e+02 9.425129753161483326e-02
6.338345864661654332e+02 9.496944895555517463e-02
6.353383458646617328e+02 9.568203569515409956e-02
6.368421052631579187e+02 9.639445190618904646e-02
6.383458646616541046e+02 9.710551240239957693e-02
6.398496240601504041e+02 9.781648897599289072e-02
6.413533834586465900e+02 9.852925383016626626e-02
6.428571428571428896e+02 9.924158304306103517e-02
6.443609022556390755e+02 9.995200782669880213e-02
6.458646616541352614e+02 1.006629023678471957e-01
6.473684210526315610e+02 1.013748813297425111e-01
6.488721804511278606e+02 1.020865523215323672e-01
6.503759398496240465e+02 1.027951552406815572e-01
6.518796992481202324e+02 1.035049133357923007e-01
6.533834586466165320e+02 1.042065700377186876e-01
6.548872180451128315e+02 1.048986738224778753e-01
6.563909774436090174e+02 1.055904847346239295e-01
6.578947368421052033e+02 1.062822974555054090e-01
6.593984962406015029e+02 1.069775560453425506e-01
6.609022556390978025e+02 1.076796940787086432e-01
6.624060150375939884e+02 1.083885257235479294e-01
6.639097744360901743e+02 1.090887152922775521e-01
6.654135338345864739e+02 1.097953271189881647e-01
6.669172932330827734e+02 1.105002938963983439e-01
6.684210526315789593e+02 1.111975953715631793e-01
6.699248120300751452e+02 1.119002531224460445e-01
6.714285714285714448e+02 1.125948244270461585e-01
6.729323308270677444e+02 1.132949794213641559e-01
6.744360902255639303e+02 1.139899588554393328e-01
6.759398496240601162e+02 1.146838453909847788e-01
6.774436090225564158e+02 1.153754252223761767e-01
6.789473684210527153e+02 1.160665537512325651e-01
6.804511278195489012e+02 1.167554307177912226e-01
6.819548872180450871e+02 1.174360946837970376e-01
6.834586466165412730e+02 1.181066551452656932e-01
6.849624060150375726e+02 1.187757514424343519e-01
6.864661654135338722e+02 1.194433267408045451e-01
6.879699248120300581e+02 1.201093258894836979e-01
6.894736842105262440e+02 1.207740212541986990e-01
6.909774436090225436e+02 1.214367605891401442e-01
6.924812030075188432e+02 1.220981965519130075e-01
6.939849624060150290e+02 1.227574738120709719e-01
6.954887218045112149e+02 1.234154533093360234e-01
6.969924812030075145e+02 1.240791451491805031e-01
6.984962406015038141e+02 1.247460572156063735e-01
7.000000000000000000e+02 1.254112074927849485e-01
7.015037593984961859e+02 1.260819898652525972e-01
7.030075187969924855e+02 1.267434408292004155e-01
7.045112781954887851e+02 1.274067660475482755e-01
7.060150375939849710e+02 1.280661854975746750e-01
7.075187969924811568e+02 1.287204605298874482e-01
7.090225563909774564e+02 1.293799265293242295e-01
7.105263157894737560e+02 1.300298934172688103e-01
7.120300751879699419e+02 1.306766278926548008e-01
7.135338345864661278e+02 1.313215931359994204e-01
7.150375939849624274e+02 1.319588451149298347e-01
7.165413533834587270e+02 1.325930533070803496e-01
7.180451127819549129e+02 1.332265664755070411e-01
7.195488721804510988e+02 1.338575956597843897e-01
7.210526315789472847e+02 1.344759054242244956e-01
7.225563909774435842e+02 1.351000683279428294e-01
7.240601503759398838e+02 1.357206500698118490e-01
7.255639097744360697e+02 1.363355801505443665e-01
7.270676691729322556e+02 1.369466166351676617e-01
7.285714285714285552e+02 1.375611291713613737e-01
7.300751879699248548e+02 1.381648906273160726e-01
7.315789473684210407e+02 1.387626602417920962e-01
7.330827067669172266e+02 1.393580626391448252e-01
7.345864661654135261e+02 1.399510858236978628e-01
7.360902255639098257e+02 1.405417183936785441e-01
7.375939849624060116e+02 1.411299495268044657e-01
7.390977443609021975e+02 1.417210101537425548e-01
7.406015037593984971e+02 1.423148645861508910e-01
7.421052631578947967e+02 1.429120267700801639e-01
7.436090225563909826e+02 1.435117701953471381e-01
7.451127819548871685e+02 1.441031021149631608e-01
7.466165413533834680e+02 1.446918631308641567e-01
7.481203007518797676e+02 1.452711167790742830e-01
7.496240601503759535e+02 1.458470264034407160e-01
7.511278195488721394e+02 1.464186187631565939e-01
7.526315789473684390e+02 1.469877057366315853e-01
7.541353383458647386e+02 1.475565093901332892e-01
7.556390977443609245e+02 1.481206008274980335e-01
7.571428571428571104e+02 1.486948463844348922e-01
7.586466165413534100e+02 1.492722594840458494e-01
7.601503759398495959e+02 1.498485754993394703e-01
7.616541353383458954e+02 1.504299576694117235e-01
7.631578947368420813e+02 1.510172113064614241e-01
7.646616541353382672e+02 1.515945145083088252e-01
7.661654135338345668e+02 1.521604455357395136e-01
7.676691729323308664e+02 1.527203747013641810e-01
7.691729323308270523e+02 1.532788969220967856e-01
7.706766917293232382e+02 1.538342129926213997e-01
7.721804511278195378e+02 1.543881734134302797e-01
7.736842105263158373e+02 1.549407306127187078e-01
7.751879699248120232e+02 1.554887606404064815e-01
7.766917293233082091e+02 1.560409756895235478e-01
7.781954887218045087e+02 1.565901027412101576e-01
7.796992481203008083e+02 1.571349086997253230e-01
7.812030075187969942e+02 1.576634977633605550e-01
7.827067669172931801e+02 1.581854532565299953e-01
7.842105263157894797e+02 1.587023867256173726e-01
7.857142857142857792e+02 1.592175199339394831e-01
7.872180451127819651e+02 1.597233753367262032e-01
7.887218045112781510e+02 1.602266886405844248e-01
7.902255639097744506e+02 1.607274628600004474e-01
7.917293233082707502e+02 1.612257012221776920e-01
7.932330827067669361e+02 1.617214071608226722e-01
7.947368421052631220e+02 1.622145843100777085e-01
7.962406015037594216e+02 1.627150362832272823e-01
7.977443609022557212e+02 1.632110296550979278e-01
7.992481203007519071e+02 1.637052410982484385e-01
8.007518796992480929e+02 1.641935671823618881e-01
8.022556390977442788e+02 1.646718046744780894e-01
8.037593984962405784e+02 1.651500491712269980e-01
8.052631578947368780e+02 1.656235342739844074e-01
8.067669172932330639e+02 1.660916670616733315e-01
8.082706766917292498e+02 1.665608959020691004e-01
8.097744360902255494e+02 1.670269892907474407e-01
8.112781954887218490e+02 1.674887853182614739e-01
8.127819548872180349e+02 1.679502033220097723e-01
8.142857142857143344e+02 1.684082835584675419e-01
8.157894736842105203e+02 1.688580477058679585e-01
8.172932330827068199e+02 1.692625015288661550e-01
8.187969924812030058e+02 1.696663904489255636e-01
8.203007518796991917e+02 1.700667861249043622e-01
8.218045112781954913e+02 1.704961070066926265e-01
8.233082706766916772e+02 1.709160822756111975e-01
8.248120300751879768e+02 1.713408701682022084e-01
8.263157894736841627e+02 1.717602885124095424e-01
8.278195488721804622e+02 1.722233205296211100e-01
8.293233082706766481e+02 1.727110164229055667e-01
8.308270676691729477e+02 1.731912763102629593e-01
8.323308270676691336e+02 1.736679254824396723e-01
8.338345864661654332e+02 1.741441598606998931e-01
8.353383458646616191e+02 1.746167321246671067e-01
8.368421052631579187e+02 1.750889440684076925e-01
8.383458646616541046e+02 1.755574430781802475e-01
8.398496240601504041e+02 1.760256371304652900e-01
8.413533834586465900e+02 1.764618179448929625e-01
8.428571428571428896e+02 1.768945616124638909e-01
8.443609022556390755e+02 1.773234166249021693e-01
8.458646616541353751e+02 1.777520559884330220e-01
8.473684210526315610e+02 1.781767473786464995e-01
8.488721804511278606e+02 1.786013098447438996e-01
8.503759398496240465e+02 1.790218650298212866e-01
8.518796992481203461e+02 1.794423783574445319e-01
8.533834586466165320e+02 1.798588949309746221e-01
8.548872180451128315e+02 1.802754692496255640e-01
8.563909774436090174e+02 1.806879172211219853e-01
8.578947368421053170e+02 1.811004979656549163e-01
8.593984962406015029e+02 1.815088930454110128e-01
8.609022556390976888e+02 1.819361459520010826e-01
8.624060150375939884e+02 1.823716104661754212e-01
8.639097744360901743e+02 1.828073944476458490e-01
8.654135338345864739e+02 1.832389223962021529e-01
8.669172932330826598e+02 1.836708304941196968e-01
8.684210526315789593e+02 1.840984355242030190e-01
8.699248120300751452e+02 1.845264818476407276e-01
8.714285714285714448e+02 1.849501784781556191e-01
8.729323308270676307e+02 1.853743779709682293e-01
8.744360902255639303e+02 1.857941815429179355e-01
8.759398496240601162e+02 1.862190713769492634e-01
8.774436090225564158e+02 1.866341692500972926e-01
8.789473684210526017e+02 1.870520799683276503e-01
8.804511278195489012e+02 1.874533276774774104e-01
8.819548872180450871e+02 1.878356895046479069e-01
8.834586466165413867e+02 1.882109338872863802e-01
8.849624060150375726e+02 1.885895059062491219e-01
8.864661654135338722e+02 1.889609880504170558e-01
8.879699248120300581e+02 1.893358013983598709e-01
8.894736842105263577e+02 1.897035513286695618e-01
8.909774436090225436e+02 1.900746371585438355e-01
8.924812030075188432e+02 1.904386849153567041e-01
8.939849624060150290e+02 1.908060743800295833e-01
8.954887218045113286e+02 1.911664630225260175e-01
8.969924812030075145e+02 1.915302043699858570e-01
8.984962406015038141e+02 1.918869549085156223e-01
9.000000000000000000e+02 1.922470619538837189e-01
