#Lam(nm)  R%(0-100)  T%(0-100)
300.000  48.851  3.047  
301.504  49.792  3.133  
303.008  50.763  3.211  
304.511  51.760  3.283  
306.015  52.780  3.350  
307.519  53.818  3.412  
309.023  54.874  3.467  
310.526  55.944  3.518  
312.030  57.022  3.565  
313.534  58.110  3.606  
315.038  59.204  3.644  
316.541  60.300  3.677  
318.045  61.372  3.713  
319.549  61.674  3.912  
321.053  62.017  4.117  
322.556  62.404  4.329  
324.060  62.841  4.549  
325.564  63.331  4.776  
327.068  63.878  5.011  
328.571  64.487  5.255  
330.075  65.162  5.505  
331.579  65.910  5.764  
333.083  66.735  6.031  
334.586  67.644  6.306  
336.090  68.644  6.589  
337.594  69.741  6.880  
339.098  70.942  7.180  
340.602  72.255  7.486  
342.105  73.689  7.799  
343.609  75.253  8.119  
345.113  75.416  8.419  
346.617  75.047  8.722  
348.120  74.667  9.037  
349.624  74.276  9.364  
351.128  73.873  9.703  
352.632  73.460  10.056  
354.135  73.034  10.422  
355.639  72.590  10.808  
357.143  72.119  11.220  
358.647  71.613  11.669  
360.150  71.060  12.172  
361.654  70.438  12.753  
363.158  69.748  13.418  
364.662  68.979  14.185  
366.165  68.107  15.081  
367.669  67.160  16.092  
369.173  66.143  17.212  
370.677  65.038  18.469  
372.180  63.855  19.856  
373.684  62.605  21.363  
375.188  61.317  22.971  
376.692  59.976  24.697  
378.195  58.575  26.547  
379.699  57.155  28.488  
381.203  55.702  30.533  
382.707  54.210  32.693  
384.211  52.677  34.976  
385.714  51.113  37.373  
387.218  49.525  39.881  
388.722  48.247  42.142  
390.226  47.333  44.064  
391.729  46.439  46.015  
393.233  45.537  48.028  
394.737  44.627  50.101  
396.241  43.728  52.219  
397.744  42.830  54.391  
399.248  41.951  56.601  
400.752  40.902  58.343  
402.256  39.691  59.561  
403.759  38.510  60.752  
405.263  37.342  61.928  
406.767  36.198  63.082  
408.271  35.059  64.231  
409.774  33.920  65.379  
411.278  32.792  66.517  
412.782  31.675  67.645  
414.286  30.586  68.744  
415.789  29.517  69.824  
417.293  28.468  70.883  
418.797  27.432  71.931  
420.301  26.411  72.963  
421.805  25.457  73.929  
423.308  24.518  74.880  
424.812  23.597  75.813  
426.316  22.711  76.711  
427.820  21.843  77.592  
429.323  20.989  78.458  
430.827  20.150  79.310  
432.331  19.325  80.147  
433.835  18.526  80.959  
435.338  17.765  81.733  
436.842  17.010  82.500  
438.346  16.237  83.286  
439.850  15.482  84.054  
441.353  14.818  84.731  
442.857  14.174  85.388  
444.361  13.532  86.043  
445.865  12.902  86.686  
447.368  12.325  87.276  
448.872  11.765  87.849  
450.376  11.187  88.440  
451.880  10.614  89.025  
453.383  10.081  89.572  
454.887  9.577  90.088  
456.391  9.090  90.588  
457.895  8.620  91.070  
459.398  8.165  91.538  
460.902  7.746  91.969  
462.406  7.353  92.375  
463.910  6.974  92.766  
465.414  6.609  93.143  
466.917  6.236  93.529  
468.421  5.859  93.917  
469.925  5.503  94.285  
471.429  5.180  94.620  
472.932  4.870  94.942  
474.436  4.527  95.296  
475.940  4.189  95.646  
477.444  3.886  95.961  
478.947  3.632  96.226  
480.451  3.385  96.483  
481.955  3.133  96.746  
483.459  2.889  97.001  
484.962  2.660  97.241  
486.466  2.448  97.463  
487.970  2.247  97.675  
489.474  2.058  97.874  
490.977  1.879  98.063  
492.481  1.710  98.242  
493.985  1.548  98.414  
495.489  1.397  98.575  
496.992  1.257  98.724  
498.496  1.128  98.863  
500.000  1.006  98.994  
501.504  0.896  99.104  
503.008  0.792  99.208  
504.511  0.700  99.300  
506.015  0.620  99.380  
507.519  0.546  99.454  
509.023  0.471  99.529  
510.526  0.400  99.600  
512.030  0.337  99.663  
513.534  0.284  99.716  
515.038  0.238  99.762  
516.541  0.197  99.803  
518.045  0.162  99.838  
519.549  0.131  99.869  
521.053  0.107  99.893  
522.556  0.088  99.912  
524.060  0.074  99.926  
525.564  0.064  99.936  
527.068  0.058  99.942  
528.571  0.058  99.942  
530.075  0.062  99.938  
531.579  0.069  99.931  
533.083  0.081  99.919  
534.586  0.096  99.904  
536.090  0.115  99.885  
537.594  0.137  99.863  
539.098  0.162  99.838  
540.602  0.192  99.808  
542.105  0.225  99.775  
543.609  0.262  99.738  
545.113  0.301  99.699  
546.617  0.342  99.658  
548.120  0.386  99.614  
549.624  0.436  99.564  
551.128  0.491  99.509  
552.632  0.549  99.451  
554.135  0.607  99.393  
555.639  0.662  99.338  
557.143  0.719  99.281  
558.647  0.779  99.221  
560.150  0.846  99.154  
561.654  0.914  99.086  
563.158  0.984  99.016  
564.662  1.053  98.947  
566.165  1.121  98.879  
567.669  1.191  98.809  
569.173  1.264  98.736  
570.677  1.342  98.658  
572.180  1.422  98.578  
573.684  1.503  98.497  
575.188  1.585  98.415  
576.692  1.668  98.332  
578.195  1.753  98.247  
579.699  1.837  98.163  
581.203  1.920  98.080  
582.707  2.003  97.997  
584.211  2.088  97.912  
585.714  2.175  97.825  
587.218  2.263  97.737  
588.722  2.353  97.647  
590.226  2.444  97.556  
591.729  2.538  97.462  
593.233  2.634  97.366  
594.737  2.730  97.270  
596.241  2.827  97.173  
597.744  2.924  97.076  
599.248  3.022  96.978  
600.752  3.117  96.883  
602.256  3.209  96.791  
603.759  3.301  96.699  
605.263  3.393  96.607  
606.767  3.485  96.515  
608.271  3.578  96.422  
609.774  3.672  96.328  
611.278  3.766  96.234  
612.782  3.860  96.140  
614.286  3.955  96.045  
615.789  4.051  95.949  
617.293  4.148  95.852  
618.797  4.245  95.755  
620.301  4.340  95.660  
621.805  4.432  95.568  
623.308  4.523  95.477  
624.812  4.614  95.386  
626.316  4.706  95.294  
627.820  4.802  95.198  
629.323  4.898  95.102  
630.827  4.994  95.006  
632.331  5.090  94.910  
633.835  5.184  94.816  
635.338  5.278  94.722  
636.842  5.371  94.629  
638.346  5.464  94.536  
639.850  5.558  94.442  
641.353  5.654  94.346  
642.857  5.751  94.249  
644.361  5.847  94.153  
645.865  5.944  94.056  
647.368  6.041  93.959  
648.872  6.139  93.861  
650.376  6.236  93.764  
651.880  6.332  93.668  
653.383  6.429  93.571  
654.887  6.525  93.475  
656.391  6.621  93.379  
657.895  6.717  93.283  
659.398  6.813  93.187  
660.902  6.907  93.093  
662.406  6.999  93.001  
663.910  7.091  92.909  
665.414  7.182  92.818  
666.917  7.274  92.726  
668.421  7.365  92.635  
669.925  7.456  92.544  
671.429  7.546  92.454  
672.932  7.637  92.363  
674.436  7.727  92.273  
675.940  7.818  92.182  
677.444  7.909  92.091  
678.947  7.999  92.001  
680.451  8.089  91.911  
681.955  8.179  91.821  
683.459  8.268  91.732  
684.962  8.357  91.643  
686.466  8.445  91.555  
687.970  8.534  91.466  
689.474  8.622  91.378  
690.977  8.710  91.290  
692.481  8.798  91.202  
693.985  8.885  91.115  
695.489  8.972  91.028  
696.992  9.058  90.942  
698.496  9.146  90.854  
700.000  9.233  90.767  
701.504  9.320  90.680  
703.008  9.406  90.594  
704.511  9.492  90.508  
706.015  9.577  90.423  
707.519  9.661  90.339  
709.023  9.746  90.254  
710.526  9.829  90.171  
712.030  9.912  90.088  
713.534  9.997  90.003  
715.038  10.081  89.919  
716.541  10.165  89.835  
718.045  10.249  89.751  
719.549  10.333  89.667  
721.053  10.411  89.589  
722.556  10.486  89.514  
724.060  10.561  89.439  
725.564  10.636  89.364  
727.068  10.709  89.291  
728.571  10.784  89.216  
730.075  10.857  89.143  
731.579  10.932  89.068  
733.083  11.006  88.994  
734.586  11.079  88.921  
736.090  11.153  88.847  
737.594  11.226  88.774  
739.098  11.297  88.703  
740.602  11.370  88.630  
742.105  11.445  88.555  
743.609  11.518  88.482  
745.113  11.592  88.408  
746.617  11.665  88.335  
748.120  11.738  88.262  
749.624  11.811  88.189  
751.128  11.883  88.117  
752.632  11.955  88.045  
754.135  12.027  87.973  
755.639  12.098  87.902  
757.143  12.170  87.830  
758.647  12.243  87.757  
760.150  12.316  87.684  
761.654  12.390  87.610  
763.158  12.465  87.535  
764.662  12.540  87.460  
766.165  12.613  87.387  
767.669  12.686  87.314  
769.173  12.758  87.242  
770.677  12.830  87.170  
772.180  12.902  87.098  
773.684  12.974  87.026  
775.188  13.044  86.956  
776.692  13.114  86.886  
778.195  13.184  86.816  
779.699  13.252  86.748  
781.203  13.316  86.684  
782.707  13.378  86.622  
784.211  13.439  86.561  
785.714  13.501  86.499  
787.218  13.563  86.437  
788.722  13.624  86.376  
790.226  13.684  86.316  
791.729  13.745  86.255  
793.233  13.804  86.196  
794.737  13.864  86.136  
796.241  13.924  86.076  
797.744  13.983  86.017  
799.248  14.041  85.959  
800.752  14.099  85.901  
802.256  14.153  85.847  
803.759  14.209  85.791  
805.263  14.263  85.737  
806.767  14.318  85.682  
808.271  14.374  85.626  
809.774  14.429  85.571  
811.278  14.483  85.517  
812.782  14.538  85.462  
814.286  14.592  85.408  
815.789  14.645  85.355  
817.293  14.695  85.305  
818.797  14.745  85.255  
820.301  14.795  85.205  
821.805  14.853  85.147  
823.308  14.910  85.090  
824.812  14.967  85.033  
826.316  15.023  84.977  
827.820  15.083  84.917  
829.323  15.146  84.854  
830.827  15.207  84.793  
832.331  15.269  84.731  
833.835  15.330  84.670  
835.338  15.390  84.610  
836.842  15.451  84.549  
838.346  15.511  84.489  
839.850  15.570  84.430  
841.353  15.623  84.377  
842.857  15.673  84.327  
844.361  15.724  84.276  
845.865  15.774  84.226  
847.368  15.824  84.176  
848.872  15.874  84.126  
850.376  15.924  84.076  
851.880  15.973  84.027  
853.383  16.022  83.978  
854.887  16.071  83.929  
856.391  16.120  83.880  
857.895  16.168  83.832  
859.398  16.216  83.784  
860.902  16.269  83.731  
862.406  16.324  83.676  
863.910  16.379  83.621  
865.414  16.434  83.566  
866.917  16.489  83.511  
868.421  16.543  83.457  
869.925  16.597  83.403  
871.429  16.651  83.349  
872.932  16.705  83.295  
874.436  16.758  83.242  
875.940  16.811  83.189  
877.444  16.864  83.136  
878.947  16.916  83.084  
880.451  16.966  83.034  
881.955  17.010  82.990  
883.459  17.054  82.946  
884.962  17.098  82.902  
886.466  17.141  82.859  
887.970  17.185  82.815  
889.474  17.228  82.772  
890.977  17.271  82.729  
892.481  17.313  82.687  
893.985  17.356  82.644  
895.489  17.398  82.602  
896.992  17.440  82.560  
898.496  17.481  82.519  
900.000  17.523  82.477  
