nm IQE GaAs. IEEE J. Photovolt., vol. 5, no. 6 (2015)
270 0
281.9 0.20349
289.78 0.25438
299.06 0.27984
309.96 0.30796
319.7 0.35197
329.66 0.42141
339.86 0.4935
349.6 0.55711
360.03 0.60536
369.77 0.64407
379.51 0.68066
389.71 0.71407
399.45 0.75119
409.65 0.78249
419.85 0.81113
430.52 0.84879
439.56 0.88167
449.77 0.9066
459.51 0.92677
469.71 0.94323
480.15 0.9528
490.12 0.95813
499.86 0.96399
510.07 0.96773
519.58 0.97253
529.55 0.97522
539.99 0.97684
549.03 0.97369
559.47 0.98009
569.67 0.98277
580.11 0.97963
590.32 0.98019
600.29 0.97546
609.8 0.9829
620.01 0.98718
630.68 0.97927
639.95 0.98089
650.16 0.9841
659.67 0.98678
669.64 0.98523
680.08 0.9789
689.82 0.98529
700.49 0.98745
710 0.98642
719.74 0.98063
730.41 0.98437
740.39 0.9844
749.66 0.98285
759.64 0.98394
770.07 0.98238
780.28 0.98401
789.56 0.98245
799.53 0.98142
810.9 0.97881
819.71 0.97937
830.61 0.98206
839.89 0.97732
848.47 0.98106
857.05 0.97314
864.71 0.96893
870.28 0.94563
873.99 0.9377
876.31 0.89002
878.87 0.80579
885.84 0.71786
888.4 0.57906
890.97 0.43972
893.76 0.30833
897.48 0.23894
900.27 0.15895
903.52 0.12293
907.93 0.07844
909 0
1000 0