nm  mW/cm2/nm
119.5	6.19E-6
120.5	5.614E-5
121.5	4.901E-4
122.5	1.184E-4
123.5	4.77E-6
124.5	3.43E-6
125.5	2.88E-6
126.5	3.52E-6
127.5	2.13E-6
128.5	1.73E-6
129.5	3.99E-6
130.5	1.206E-5
131.5	3.98E-6
132.5	4.13E-6
133.5	1.68E-5
134.5	4.57E-6
135.5	3.8E-6
136.5	3.09E-6
137.5	2.92E-6
138.5	3.97E-6
139.5	7.56E-6
140.5	6.08E-6
141.5	4.21E-6
142.5	4.68E-6
143.5	5.11E-6
144.5	5.09E-6
145.5	5.54E-6
146.5	7.09E-6
147.5	8.49E-6
148.5	8.2E-6
149.5	7.96E-6
150.5	8.7E-6
151.5	9.27E-6
152.5	1.163E-5
153.5	1.299E-5
154.5	2.059E-5
155.5	2.144E-5
156.5	1.847E-5
157.5	1.717E-5
158.5	1.675E-5
159.5	1.754E-5
160.5	1.934E-5
161.5	2.228E-5
162.5	2.519E-5
163.5	2.841E-5
164.5	2.973E-5
165.5	4.302E-5
166.5	3.989E-5
167.5	3.875E-5
168.5	4.556E-5
169.5	5.877E-5
170.5	6.616E-5
171.5	6.88E-5
172.5	7.252E-5
173.5	7.645E-5
174.5	9.067E-5
175.5	1.079E-4
176.5	1.22E-4
177.5	1.403E-4
178.5	1.538E-4
179.5	1.576E-4
180.5	1.831E-4
181.5	2.233E-4
182.5	2.243E-4
183.5	2.244E-4
184.5	2.066E-4
185.5	2.311E-4
186.5	2.7E-4
187.5	3.009E-4
188.5	3.291E-4
189.5	3.569E-4
190.5	3.764E-4
191.5	4.165E-4
192.5	4.113E-4
193.5	3.808E-4
194.5	5.21E-4
195.5	5.427E-4
196.5	6.008E-4
197.5	6.191E-4
198.5	6.187E-4
199.5	6.664E-4
200.5	7.326E-4
201.5	8.023E-4
202.5	8.261E-4
203.5	9.217E-4
204.5	0.00103
205.5	0.00105
206.5	0.00111
207.5	0.00127
208.5	0.00151
209.5	0.00214
210.5	0.00279
211.5	0.00335
212.5	0.00313
213.5	0.00331
214.5	0.004
215.5	0.00362
216.5	0.00323
217.5	0.00353
218.5	0.00444
219.5	0.00469
220.5	0.00473
221.5	0.00396
222.5	0.00496
223.5	0.0063
224.5	0.0059
225.5	0.00523
226.5	0.00394
227.5	0.00399
228.5	0.0052
229.5	0.00477
230.5	0.00521
231.5	0.0051
232.5	0.00533
233.5	0.00447
234.5	0.0039
235.5	0.00514
236.5	0.00486
237.5	0.00484
238.5	0.0042
239.5	0.00441
240.5	0.00396
241.5	0.00515
242.5	0.00706
243.5	0.00665
244.5	0.0061
245.5	0.00494
246.5	0.00504
247.5	0.00555
248.5	0.00456
249.5	0.00564
250.5	0.00601
251.5	0.0046
252.5	0.00415
253.5	0.00515
254.5	0.00596
255.5	0.00793
256.5	0.01018
257.5	0.01254
258.5	0.01251
259.5	0.0104
260.5	0.00855
261.5	0.00898
262.5	0.01036
263.5	0.01658
264.5	0.02497
265.5	0.02527
266.5	0.02494
267.5	0.02508
268.5	0.02438
269.5	0.02389
270.5	0.02673
271.5	0.02244
272.5	0.01974
273.5	0.01965
274.5	0.01326
275.5	0.01751
276.5	0.02428
277.5	0.02338
278.5	0.01593
279.5	0.00856
280.5	0.00946
281.5	0.02083
282.5	0.02941
283.5	0.03135
284.5	0.02353
285.5	0.01631
286.5	0.03227
287.5	0.03363
288.5	0.03222
289.5	0.04727
290.5	0.06013
291.5	0.05808
292.5	0.05219
293.5	0.05355
294.5	0.05088
295.5	0.05532
296.5	0.05096
297.5	0.05073
298.5	0.04655
299.5	0.0484
300.5	0.042
301.5	0.04555
302.5	0.0489
303.5	0.06206
304.5	0.06025
305.5	0.05948
306.5	0.05557
307.5	0.0615
308.5	0.06114
309.5	0.04965
310.5	0.06224
311.5	0.07292
312.5	0.06559
313.5	0.06999
314.5	0.06629
315.5	0.0633
316.5	0.06332
317.5	0.07739
318.5	0.06649
319.5	0.07105
320.5	0.08051
321.5	0.06995
322.5	0.06886
323.5	0.06613
324.5	0.07608
325.5	0.08758
326.5	0.09795
327.5	0.09527
328.5	0.09176
329.5	0.1061
330.5	0.1016
331.5	0.09657
332.5	0.09549
333.5	0.09216
334.5	0.09589
335.5	0.09434
336.5	0.08095
337.5	0.08418
338.5	0.09215
339.5	0.09581
340.5	0.1007
341.5	0.09238
342.5	0.0993
343.5	0.09506
344.5	0.07957
345.5	0.09392
346.5	0.09264
347.5	0.09017
348.5	0.08972
349.5	0.08898
350.5	0.105
351.5	0.09795
352.5	0.09079
353.5	0.1033
354.5	0.1111
355.5	0.1045
356.5	0.09123
357.5	0.0796
358.5	0.06936
359.5	0.09911
360.5	0.09708
361.5	0.08781
362.5	0.09978
363.5	0.09969
364.5	0.1013
365.5	0.1152
366.5	0.1233
367.5	0.118
368.5	0.1101
369.5	0.1226
370.5	0.1139
371.5	0.1175
372.5	0.1054
373.5	0.09202
374.5	0.09004
375.5	0.1062
376.5	0.1085
377.5	0.1282
378.5	0.1327
379.5	0.1066
380.5	0.1202
381.5	0.1082
382.5	0.07913
383.5	0.06841
384.5	0.09597
385.5	0.1008
386.5	0.1007
387.5	0.1004
388.5	0.09843
389.5	0.1174
390.5	0.1247
391.5	0.1342
392.5	0.1019
393.5	0.05823
394.5	0.1026
395.5	0.1314
396.5	0.08545
397.5	0.09288
398.5	0.1522
399.5	0.1663
400.5	0.1682
401.5	0.1746
402.5	0.1759
403.5	0.1684
404.5	0.1674
405.5	0.1667
406.5	0.1589
407.5	0.1628
408.5	0.1735
409.5	0.1715
410.5	0.1532
411.5	0.1817
412.5	0.1789
413.5	0.1756
414.5	0.1737
415.5	0.1734
416.5	0.1842
417.5	0.1665
418.5	0.1684
419.5	0.1701
420.5	0.1757
421.5	0.1797
422.5	0.1582
423.5	0.1711
424.5	0.1767
425.5	0.1695
426.5	0.1698
427.5	0.1569
428.5	0.1587
429.5	0.1475
430.5	0.1135
431.5	0.1686
432.5	0.1646
433.5	0.1731
434.5	0.167
435.5	0.1723
436.5	0.1929
437.5	0.1806
438.5	0.1567
439.5	0.1825
440.5	0.1713
441.5	0.1931
442.5	0.198
443.5	0.1909
444.5	0.1973
445.5	0.1821
446.5	0.1891
447.5	0.2077
448.5	0.1973
449.5	0.2027
450.5	0.2144
451.5	0.2109
452.5	0.1941
453.5	0.197
454.5	0.1979
455.5	0.2034
456.5	0.2077
457.5	0.21
458.5	0.1971
459.5	0.2009
460.5	0.204
461.5	0.2055
462.5	0.2104
463.5	0.204
464.5	0.1976
465.5	0.2042
466.5	0.1921
467.5	0.2015
468.5	0.1994
469.5	0.199
470.5	0.1877
471.5	0.2018
472.5	0.2041
473.5	0.1991
474.5	0.2051
475.5	0.2016
476.5	0.1956
477.5	0.2075
478.5	0.2009
479.5	0.2076
480.5	0.2035
481.5	0.209
482.5	0.2023
483.5	0.2019
484.5	0.1969
485.5	0.183
486.5	0.1625
487.5	0.183
488.5	0.1914
489.5	0.196
490.5	0.2007
491.5	0.1896
492.5	0.1896
493.5	0.1888
494.5	0.2058
495.5	0.1926
496.5	0.2017
497.5	0.2018
498.5	0.1866
499.5	0.197
500.5	0.1857
501.5	0.1812
502.5	0.1894
503.5	0.1934
504.5	0.1869
505.5	0.1993
506.5	0.1961
507.5	0.1906
508.5	0.1919
509.5	0.1916
510.5	0.1947
511.5	0.1997
512.5	0.1867
513.5	0.1861
514.5	0.1874
515.5	0.19
516.5	0.1669
517.5	0.1726
518.5	0.1654
519.5	0.1828
520.5	0.1831
521.5	0.1906
522.5	0.1823
523.5	0.1894
524.5	0.1958
525.5	0.193
526.5	0.1674
527.5	0.1828
528.5	0.1897
529.5	0.1918
530.5	0.1952
531.5	0.1963
532.5	0.177
533.5	0.1923
534.5	0.1858
535.5	0.199
536.5	0.1871
537.5	0.1882
538.5	0.1904
539.5	0.1832
540.5	0.1769
541.5	0.1881
542.5	0.1825
543.5	0.1879
544.5	0.1879
545.5	0.1901
546.5	0.1879
547.5	0.1833
548.5	0.1863
549.5	0.1895
550.5	0.1862
551.5	0.1871
552.5	0.1846
553.5	0.1882
554.5	0.1898
555.5	0.1897
556.5	0.1821
557.5	0.1846
558.5	0.1787
559.5	0.1808
560.5	0.1843
561.5	0.1824
562.5	0.185
563.5	0.1861
564.5	0.1854
565.5	0.1798
566.5	0.1829
567.5	0.1887
568.5	0.181
569.5	0.186
570.5	0.1769
571.5	0.1823
572.5	0.1892
573.5	0.1876
574.5	0.1867
575.5	0.183
576.5	0.1846
577.5	0.1857
578.5	0.1783
579.5	0.1828
580.5	0.1838
581.5	0.1853
582.5	0.1873
583.5	0.1857
584.5	0.186
585.5	0.1783
586.5	0.183
587.5	0.1848
588.5	0.175
589.5	0.1612
590.5	0.1813
591.5	0.1787
592.5	0.1808
593.5	0.1796
594.5	0.1773
595.5	0.1782
596.5	0.1805
597.5	0.178
598.5	0.1757
599.5	0.1774
600.5	0.1746
601.5	0.1751
602.5	0.1719
603.5	0.1787
604.5	0.1776
605.5	0.1763
606.5	0.1759
607.5	0.1757
608.5	0.1743
609.5	0.1744
610.5	0.1703
611.5	0.1746
612.5	0.1705
613.5	0.1683
614.5	0.1713
615.5	0.1713
616.5	0.1609
617.5	0.1707
618.5	0.1724
619.5	0.1707
620.5	0.1734
621.5	0.169
622.5	0.1713
623.5	0.1666
624.5	0.1656
625.5	0.1632
626.5	0.1697
627.5	0.1697
628.5	0.1697
629.5	0.1677
631	0.1639
633	0.1651
635	0.1656
637	0.1654
639	0.1651
641	0.1614
643	0.1621
645	0.1627
647	0.1603
649	0.1558
651	0.1606
653	0.1599
655	0.1532
657	0.1384
659	0.1549
661	0.1571
663	0.1555
665	0.156
667	0.1535
669	0.1546
671	0.1516
673	0.1521
675	0.151
677	0.1508
679	0.1498
681	0.1492
683	0.1479
685	0.1455
687	0.1467
689	0.1461
691	0.1448
693	0.1448
695	0.1436
697	0.1416
699	0.1425
701	0.1386
703	0.1388
705	0.1415
707	0.14
709	0.1384
711	0.1385
713	0.1373
715	0.1366
717	0.1354
719	0.1328
721	0.1331
723	0.1348
725	0.135
727	0.1346
729	0.1319
731	0.1326
733	0.1318
735	0.1309
737	0.1307
739	0.1278
741	0.1258
743	0.1286
745	0.1279
747	0.1283
749	0.127
751	0.1262
753	0.1259
755	0.1255
757	0.1248
759	0.124
761	0.1237
763	0.1241
765	0.1221
767	0.1185
769	0.1203
771	0.1204
773	0.1208
775	0.1188
777	0.1196
779	0.1187
781	0.1187
783	0.1176
785	0.118
787	0.1177
789	0.1174
791	0.1158
793	0.1143
795	0.1134
797	0.1152
799	0.1135
801	0.1142
803	0.1129
805	0.1115
807	0.112
809	0.1095
811	0.1114
813	0.1115
815	0.1107
817	0.1104
819	0.1063
821	0.108
823	0.1073
825	0.1075
826	0.108
828	0.1081
830	0.1063
832	0.1051
834	0.1041
836	0.1052
838	0.1044
840	0.104
842	0.1036
844	0.1024
846	0.1028
848	0.1023
850	0.0966
852	0.09961
854	0.0878
856	0.09755
858	0.1005
860	0.09969
862	0.09949
864	0.09993
866	0.08862
868	0.09395
870	0.09747
872	0.09833
874	0.09713
876	0.0964
878	0.09749
880	0.09554
882	0.09511
884	0.09579
886	0.09383
888	0.09443
890	0.0953
892	0.09394
894	0.09332
896	0.09387
898	0.09339
900	0.09158
902	0.08916
904	0.09285
906	0.09176
908	0.09025
910	0.08916
912	0.08967
914	0.09071
916	0.09004
918	0.08951
920	0.08908
922	0.0863
924	0.08585
926	0.08612
928	0.08769
930	0.08677
932	0.08651
934	0.08641
936	0.08547
938	0.0858
940	0.08438
942	0.0825
944	0.08324
946	0.08375
948	0.08407
950	0.08369
952	0.08317
954	0.0808
956	0.08082
958	0.08188
960	0.08151
962	0.08089
964	0.08013
966	0.07947
968	0.07969
970	0.07959
972	0.07936
974	0.07815
976	0.07825
978	0.07779
980	0.07746
982	0.07764
984	0.07698
986	0.07661
988	0.07615
990	0.07541
992	0.07567
994	0.07556
996	0.07525
998	0.0751
1000	0.07479
1002	0.07469
1004	0.07261
1006	0.07136
1008	0.07335
1010	0.07313
1012	0.07262
1014	0.0721
1016	0.07139
1018	0.07107
1020	0.07041
1022	0.07021
1024	0.07054
1026	0.07027
1028	0.06989
1030	0.06937
1032	0.06905
1034	0.06817
1036	0.0684
1038	0.06772
1040	0.06761
1042	0.06746
1044	0.06714
1046	0.066
1048	0.06644
1050	0.06622
1052	0.06586
1054	0.06549
1056	0.06557
1058	0.06451
1060	0.06415
1062	0.06438
1064	0.06459
1066	0.06395
1068	0.06317
1070	0.06241
1072	0.06326
1074	0.06276
1076	0.0628
1078	0.06272
1080	0.06247
1082	0.06099
1084	0.0618
1086	0.06208
1088	0.06103
1090	0.06199
1092	0.06159
1094	0.05849
1096	0.05983
1098	0.05961
1100	0.06042
1102	0.05932
1104	0.05974
1106	0.05945
1108	0.05916
1110	0.05906
1112	0.05843
1114	0.05844
1116	0.05831
1118	0.05815
1120	0.05741
1122	0.05796
1124	0.05769
1126	0.05655
1128	0.057
1130	0.05653
1132	0.05678
1134	0.05638
1136	0.05658
1138	0.05569
1140	0.0553
1142	0.05531
1144	0.05514
1146	0.05548
1148	0.05525
1150	0.05489
1152	0.05458
1154	0.05479
1156	0.05455
1158	0.05435
1160	0.0532
1162	0.05325
1164	0.05332
1166	0.05303
1168	0.05312
1170	0.05276
1172	0.05315
1174	0.05273
1176	0.05184
1178	0.0519
1180	0.05239
1182	0.05159
1184	0.05103
1186	0.05187
1188	0.05075
1190	0.05085
1192	0.05161
1194	0.05145
1196	0.05084
1198	0.04943
1200	0.05003
1202	0.05068
1204	0.04948
1206	0.05039
1208	0.0489
1210	0.04882
1212	0.04933
1214	0.04942
1216	0.0493
1218	0.04897
1220	0.04875
1222	0.04854
1224	0.04846
1226	0.04817
1228	0.04771
1230	0.04792
1232	0.0475
1234	0.04729
1236	0.04719
1238	0.04703
1240	0.04653
1242	0.04642
1244	0.04619
1246	0.04635
1248	0.04633
1250	0.04624
1252	0.04571
1254	0.04574
1256	0.04551
1258	0.04533
1260	0.0453
1262	0.04497
1264	0.04478
1266	0.04467
1268	0.04417
1270	0.04453
1272	0.04452
1274	0.04431
1276	0.04451
1278	0.0444
1280	0.04356
1282	0.04014
1284	0.04259
1286	0.04328
1288	0.04314
1290	0.04255
1292	0.04254
1294	0.04223
1296	0.04224
1298	0.04184
1300	0.04186
1302	0.04139
1304	0.04111
1306	0.04136
1308	0.04123
1310	0.04106
1312	0.04033
1314	0.04022
1316	0.03979
1318	0.04017
1320	0.04016
1322	0.03986
1324	0.03981
1326	0.03949
1328	0.03908
1330	0.03878
1332	0.03863
1334	0.03892
1336	0.03866
1338	0.03832
1340	0.0379
1342	0.03805
1344	0.03798
1346	0.03772
1348	0.03766
1350	0.03724
1352	0.03742
1354	0.03722
1356	0.03675
1358	0.03688
1360	0.03673
1362	0.03677
1364	0.03657
1366	0.03657
1368	0.03628
1370	0.03599
1372	0.03621
1374	0.03611
1376	0.03561
1378	0.0358
1380	0.03579
1382	0.03545
1384	0.03547
1386	0.03532
1388	0.0353
1390	0.03506
1392	0.03513
1394	0.03488
1396	0.03487
1398	0.03492
1400	0.03427
1402	0.03439
1404	0.03428
1406	0.03431
1408	0.03427
1410	0.03418
1412	0.03348
1414	0.03377
1416	0.03385
1418	0.03386
1420	0.03357
1422	0.03315
1424	0.03311
1426	0.03281
1428	0.03285
1430	0.03257
1432	0.033
1434	0.03284
1436	0.03285
1438	0.03283
1440	0.03188
1442	0.03186
1444	0.03197
1446	0.03216
1448	0.03216
1450	0.03187
1452	0.03154
1454	0.03143
1456	0.03131
1458	0.03167
1460	0.03156
1462	0.03121
1464	0.03105
1466	0.03108
1468	0.03114
1470	0.03102
1472	0.03073
1474	0.03034
1476	0.03048
1478	0.03044
1480	0.03068
1482	0.03044
1484	0.03039
1486	0.03033
1488	0.02855
1490	0.03015
1492	0.03018
1494	0.03033
1496	0.02972
1498	0.02994
1500	0.03011
1502	0.02924
1504	0.02799
1506	0.02848
1508	0.02919
1510	0.02947
1512	0.02913
1514	0.02883
1516	0.02882
1518	0.02884
1520	0.02866
1522	0.02824
1524	0.02835
1526	0.02846
1528	0.02846
1530	0.02765
1532	0.02823
1534	0.02784
1536	0.02806
1538	0.02773
1540	0.0273
1542	0.02753
1544	0.02778
1546	0.02772
1548	0.02711
1550	0.02713
1552	0.02731
1554	0.02676
1556	0.02671
1558	0.02689
1560	0.02683
1562	0.02697
1564	0.02669
1566	0.02654
1568	0.02633
1570	0.02645
1572	0.02673
1574	0.0261
1576	0.02536
1578	0.02547
1580	0.0265
1582	0.0259
1584	0.02591
1586	0.02599
1588	0.0249
1590	0.02405
1592	0.02526
1594	0.02583
1596	0.02506
1598	0.02545
1600	0.02512
1602	0.02489
1604	0.02497
1606	0.02477
1608	0.02491
1610	0.024
1612	0.0243
1614	0.02449
1616	0.02374
1618	0.02423
1620	0.02369
1622	0.02383
1624	0.02416
1626	0.02402
1628	0.02418
1630	0.02393
1632	0.02387
1634	0.02359
1636	0.02357
1638	0.02274
1640	0.02262
1642	0.02266
1644	0.02278
1646	0.02294
1648	0.02292
1650	0.02272
1652	0.02268
1654	0.02262
1656	0.0226
1658	0.02252
1660	0.02245
1662	0.02246
1664	0.02227
1666	0.02212
1668	0.02193
1670	0.02225
1672	0.02173
1674	0.02193
1676	0.02161
1678	0.02168
1680	0.0208
1682	0.02054
1684	0.02129
1686	0.02131
1688	0.0212
1690	0.02105
1692	0.02123
1694	0.02112
1696	0.021
1698	0.02089
1700	0.02063
1702	0.02047
1704	0.02052
1706	0.0205
1708	0.02017
1710	0.02013
1712	0.01982
1714	0.02037
1716	0.02022
1718	0.0201
1720	0.01993
1722	0.01975
1724	0.01954
1726	0.01982
1728	0.01971
1730	0.01984
1732	0.01936
1734	0.01874
1736	0.01827
1738	0.01863
1740	0.01905
1742	0.01902
1744	0.01907
1746	0.01867
1748	0.01872
1750	0.01858
1752	0.0185
1754	0.01856
1756	0.01849
1758	0.01843
1760	0.01831
1762	0.01793
1764	0.01807
1766	0.01817
1768	0.01802
1770	0.01791
1772	0.01794
1774	0.01792
1776	0.01763
1778	0.01747
1780	0.01756
1782	0.01747
1784	0.01735
1786	0.01739
1788	0.01747
1790	0.01733
1792	0.01721
1794	0.01709
1796	0.01706
1798	0.01703
1800	0.01699
1802	0.01672
1804	0.01688
1806	0.01688
1808	0.01685
1810	0.01686
1812	0.01675
1814	0.01658
1816	0.01605
1818	0.0152
1820	0.01596
1822	0.01598
1824	0.01624
1826	0.01628
1828	0.01611
1830	0.01606
1832	0.01593
1834	0.01585
1836	0.01581
1838	0.01562
1840	0.01562
1842	0.0154
1844	0.01541
1846	0.01535
1848	0.0151
1850	0.01546
1852	0.01534
1854	0.01525
1856	0.01509
1858	0.01525
1860	0.01503
1862	0.01504
1864	0.01509
1866	0.01494
1868	0.01492
1870	0.01508
1872	0.01473
1874	0.01401
1876	0.01299
1878	0.01441
1880	0.01462
1882	0.01474
1884	0.01464
1886	0.01439
1888	0.01453
1890	0.01424
1892	0.01408
1894	0.01396
1896	0.01373
1898	0.0139
1900	0.01397
1902	0.01409
1904	0.01386
1906	0.0139
1908	0.01377
1910	0.01378
1912	0.01354
1914	0.0137
1916	0.0136
1918	0.01353
1920	0.01333
1922	0.0135
1924	0.01341
1926	0.01344
1928	0.01322
1930	0.01313
1932	0.01308
1934	0.0132
1936	0.01328
1938	0.01321
1940	0.01299
1942	0.01294
1944	0.01203
1946	0.01192
1948	0.01271
1950	0.01261
1952	0.01255
1954	0.01286
1956	0.01276
1958	0.01271
1960	0.01261
1962	0.0124
1964	0.01222
1966	0.01231
1968	0.0124
1970	0.01239
1972	0.01213
1974	0.01208
1976	0.01224
1978	0.01194
1980	0.01196
1982	0.01205
1984	0.01197
1986	0.01178
1988	0.01195
1990	0.01198
1992	0.0118
1994	0.01162
1996	0.01173
1998	0.01159
2000	0.0117
2002	0.01161
2004	0.01148
2006	0.01147
2008	0.01154
2010	0.01149
2012	0.01145
2014	0.01138
2016	0.01137
2018	0.01134
2020	0.01116
2022	0.01107
2024	0.01116
2026	0.01115
2028	0.01107
2030	0.01086
2032	0.01098
2034	0.01092
2036	0.01083
2038	0.01064
2040	0.01078
2042	0.01076
2044	0.01076
2046	0.01071
2048	0.01063
2050	0.01059
2052	0.01047
2054	0.01046
2056	0.01046
2058	0.0104
2060	0.01028
2062	0.01023
2064	0.01005
2066	0.01025
2068	0.01019
2070	0.01003
2072	0.01004
2074	0.01009
2076	0.01006
2078	0.01
2080	0.00988
2082	0.00986
2084	0.00977
2086	0.00985
2088	0.00984
2090	0.00979
2092	0.00957
2094	0.00959
2096	0.00958
2098	0.00962
2100	0.00961
2102	0.00958
2104	0.00956
2106	0.00957
2108	0.00951
2110	0.0094
2112	0.00945
2114	0.00944
2116	0.00933
2118	0.00931
2120	0.00928
2122	0.00928
2124	0.00919
2126	0.00921
2128	0.00923
2130	0.00921
2132	0.00921
2134	0.00915
2136	0.00901
2138	0.00911
2140	0.00908
2142	0.00906
2144	0.00901
2146	0.00894
2148	0.00898
2150	0.00896
2152	0.00891
2154	0.00888
2156	0.00887
2158	0.00884
2160	0.00878
2162	0.00869
2164	0.00846
2166	0.00785
2168	0.0083
2170	0.00856
2172	0.00859
2174	0.00859
2176	0.00853
2178	0.00843
2180	0.0085
2182	0.00843
2184	0.00846
2186	0.00847
2188	0.00828
2190	0.0083
2192	0.00838
2194	0.00835
2196	0.00832
2198	0.0083
2200	0.00826
2202	0.00823
2204	0.00821
2206	0.00797
2208	0.00797
2210	0.00808
2212	0.0081
2214	0.00807
2216	0.00799
2218	0.00797
2220	0.008
2222	0.00796
2224	0.00793
2226	0.00781
2228	0.00783
2230	0.00783
2232	0.00782
2234	0.0078
2236	0.00776
2238	0.00765
2240	0.00764
2242	0.00764
2244	0.00762
2246	0.00761
2248	0.00752
2250	0.00754
2252	0.00751
2254	0.0074
2256	0.00742
2258	0.00744
2260	0.00742
2262	0.0073
2264	0.00733
2266	0.00732
2268	0.00733
2270	0.0073
2272	0.00728
2274	0.00725
2276	0.00724
2278	0.00724
2280	0.00717
2282	0.00701
2284	0.00713
2286	0.00712
2288	0.00713
2290	0.00711
2292	0.00707
2294	0.00692
2296	0.00691
2298	0.00692
2300	0.00695
2302	0.00696
2304	0.00693
2306	0.00692
2308	0.0069
2310	0.00687
2312	0.00687
2314	0.00683
2316	0.00678
2318	0.00675
2320	0.00677
2322	0.00668
2324	0.00654
2326	0.00656
2328	0.00663
2330	0.00662
2332	0.00658
2334	0.00657
2336	0.00654
2338	0.0065
2340	0.00652
2342	0.00654
2344	0.00651
2346	0.00649
2348	0.00647
2350	0.00645
2352	0.00629
2354	0.00624
2356	0.00628
2358	0.00627
2360	0.00631
2362	0.0063
2364	0.0063
2366	0.00628
2368	0.00626
2370	0.00621
2372	0.00621
2374	0.00607
2376	0.00616
2378	0.00619
2380	0.00617
2382	0.0061
2384	0.00588
2386	0.00591
2388	0.006
2390	0.00603
2392	0.00601
2394	0.006
2396	0.006
2398	0.00599
2400	0.00594
2402	0.00596
2404	0.00594
2406	0.00592
2408	0.00592
2410	0.0059
2412	0.00589
2414	0.00573
2416	0.0056
2418	0.00575
2420	0.00577
2422	0.00577
2424	0.00573
2426	0.00572
2428	0.00571
2430	0.00571
2432	0.0057
2434	0.00564
2436	0.00562
2438	0.0056
2440	0.00564
2442	0.00562
2444	0.0056
2446	0.0055
2448	0.00546
2450	0.00546
2452	0.00543
2454	0.00545
2456	0.00537
2458	0.00539
2460	0.00546
2462	0.00544
2464	0.00543
2466	0.00541
2468	0.00539
2470	0.00528
2472	0.00533
2474	0.00531
2476	0.00534
2478	0.0053
2480	0.00518
2482	0.00514
2484	0.00522
2486	0.00516
2488	0.00517
2490	0.00522
2492	0.0052
2494	0.00517
2496	0.00515
2498	0.00515
2500	0.00515
2520	0.00498
2540	0.00481
2560	0.00467
2580	0.00455
2600	0.00446
2620	0.0043
2640	0.00421
2660	0.00408
2680	0.00397
2700	0.00387
2720	0.00376
2740	0.00366
2760	0.00355
2780	0.00347
2800	0.00339
2820	0.0033
2840	0.00321
2860	0.00312
2880	0.00303
2900	0.00297
2920	0.00289
2940	0.00282
2960	0.00275
2980	0.00268
3000	0.00261
3020	0.00255
3040	0.00247
3060	0.00242
3080	0.00236
3100	0.00231
3120	0.00225
3140	0.0022
3160	0.00214
3180	0.0021
3200	0.00205
3220	0.002
3240	0.00195
3260	0.00191
3280	0.00186
3300	0.0018
3320	0.00177
3340	0.00174
3360	0.0017
3380	0.00166
3400	0.00161
3420	0.00158
3440	0.00155
3460	0.00152
3480	0.00149
3500	0.00146
3520	0.00143
3540	0.00139
3560	0.00136
3580	0.00133
3600	0.00131
3620	0.00128
3640	0.00125
3660	0.00122
3680	0.00119
3700	0.00116
3720	0.00115
3740	0.00111
3760	0.0011
3780	0.00108
3800	0.00106
3820	0.00104
3840	0.00102
3860	9.983E-4
3880	9.782E-4
3900	9.599E-4
3920	9.427E-4
3940	9.233E-4
3960	9.032E-4
3980	8.857E-4
4000	8.669E-4
4020	8.557E-4
4040	8.385E-4
4060	8.217E-4
4080	8.054E-4
4100	7.894E-4
4120	7.739E-4
4140	7.587E-4
4160	7.439E-4
4180	7.294E-4
4200	7.153E-4
4220	7.015E-4
4240	6.881E-4
4260	6.749E-4
4280	6.621E-4
4300	6.496E-4
4320	6.374E-4
4340	6.254E-4
4360	6.138E-4
4380	6.024E-4
4400	5.913E-4
4420	5.804E-4
4440	5.698E-4
4460	5.594E-4
4480	5.492E-4
4500	5.393E-4
4520	5.296E-4
4540	5.201E-4
4560	5.108E-4
4580	5.018E-4
4600	4.929E-4
4620	4.842E-4
4640	4.757E-4
4660	4.674E-4
4680	4.593E-4
4700	4.514E-4
4720	4.436E-4
4740	4.36E-4
4760	4.285E-4
4780	4.212E-4
4800	4.141E-4
4820	4.071E-4
4840	4.003E-4
4860	3.936E-4
4880	3.87E-4
4900	3.806E-4
4920	3.743E-4
4940	3.681E-4
4960	3.621E-4
4980	3.562E-4
5000	3.504E-4
5050	3.394E-4
5100	3.267E-4
5150	3.146E-4
5200	3.03E-4
5250	2.92E-4
5300	2.815E-4
5350	2.715E-4
5400	2.619E-4
5450	2.527E-4
5500	2.439E-4
5550	2.355E-4
5600	2.275E-4
5650	2.198E-4
5700	2.124E-4
5750	2.054E-4
5800	1.986E-4
5850	1.921E-4
5900	1.859E-4
5950	1.799E-4
6000	1.742E-4
6050	1.687E-4
6100	1.634E-4
6150	1.583E-4
6200	1.534E-4
6250	1.487E-4
6300	1.442E-4
6350	1.399E-4
6400	1.357E-4
6450	1.317E-4
6500	1.278E-4
6550	1.24E-4
6600	1.204E-4
6650	1.17E-4
6700	1.136E-4
6750	1.104E-4
6800	1.073E-4
6850	1.043E-4
6900	1.014E-4
6950	9.862E-5
7000	9.592E-5
7050	9.331E-5
7100	9.08E-5
7150	8.836E-5
7200	8.601E-5
7250	8.374E-5
7300	8.154E-5
7350	7.942E-5
7400	7.736E-5
7450	7.537E-5
7500	7.344E-5
7550	7.158E-5
7600	6.977E-5
7650	6.802E-5
7700	6.633E-5
7750	6.469E-5
7800	6.31E-5
7850	6.156E-5
7900	6.006E-5
7950	5.862E-5
8000	5.721E-5
8050	5.585E-5
8100	5.453E-5
8150	5.324E-5
8200	5.2E-5
8250	5.079E-5
8300	4.961E-5
8350	4.847E-5
8400	4.737E-5
8450	4.629E-5
8500	4.525E-5
8550	4.423E-5
8600	4.324E-5
8650	4.228E-5
8700	4.135E-5
8750	4.044E-5
8800	3.956E-5
8850	3.87E-5
8900	3.787E-5
8950	3.706E-5
9000	3.627E-5
9050	3.55E-5
9100	3.475E-5
9150	3.402E-5
9200	3.331E-5
9250	3.262E-5
9300	3.195E-5
9350	3.129E-5
9400	3.065E-5
9450	3.003E-5
9500	2.942E-5
9550	2.883E-5
9600	2.825E-5
9650	2.769E-5
9700	2.714E-5
9750	2.661E-5
9800	2.608E-5
9850	2.558E-5
9900	2.508E-5
9950	2.46E-5
10000	2.412E-5
11000	1.635E-5
12000	1.152E-5
13000	8.34E-6
14000	6.19E-6
15000	4.69E-6
16000	3.61E-6
17000	2.83E-6
18000	2.25E-6
19000	1.81E-6
20000	1.47E-6
25000	6.05E-7
30000	2.93E-7
35000	1.58E-7
40000	9.31E-8
50000	3.83E-8
60000	1.85E-8
80000	5.88E-9
100000	2.42E-9
120000	1.17E-9
150000	4.81E-10
200000	1.53E-10
250000	6.28E-11
300000	2.95E-11
400000	1.01E-11
1000000	3.38E-13